/home/alpar/miniconda3/envs/my_dissertation_env/bin/python /mnt/hdd/Disszertacio/Code/MM/MM/FixedGroupSizeMM/calculate_inf_loss.py 
*** WORKING ON: ../Datasets/barcelona.csv
GRAPH, k= 3 .
Returned group's length:  [4, 3, 3, 3, 3, 3, 5, 4, 3, 3, 3, 3, 3, 3, 3, 3, 3, 3, 4, 3, 3, 3, 3, 3, 3, 3, 3, 3, 3, 3, 5, 3, 4, 3, 3, 5, 3, 4, 5, 3, 3, 3, 3, 3, 3, 3, 3, 4, 3, 3, 3, 5, 3, 3, 3, 3, 3, 3, 4, 5, 5, 5, 4, 5, 5, 3, 3, 4, 3, 3, 5, 4, 4, 3, 3, 3, 3, 3, 3, 3, 3, 3, 3, 3, 3, 3, 3, 3, 3, 3, 3, 5, 3, 3, 5, 3, 3, 3, 3, 3, 4, 3, 3, 3, 3, 3, 3, 3, 5, 3, 3, 3, 3, 3, 3, 3, 3, 3, 3, 5, 3, 4, 3, 4, 3, 3, 3, 3, 3, 3, 3, 5, 3, 3, 3, 3, 3, 4, 4, 3, 4, 4, 3, 3, 3, 3, 3, 3, 4, 3, 3, 3, 3, 3, 3, 3, 3, 3, 3, 3, 5, 3, 3, 3, 4, 3, 3, 3, 3, 3, 3, 3, 3, 3, 5, 3, 3, 3, 3, 3, 3, 3, 3, 3, 3, 3, 3, 3, 3, 3, 3, 3, 3, 3, 3, 3, 3, 3, 3, 3, 3, 3, 3, 3, 3, 3, 3, 3, 3, 3, 3, 3, 3, 3, 3, 3, 3, 3, 3, 3, 3, 3, 3, 3, 3, 3, 3, 3, 3, 3, 3, 5, 3, 3, 3, 3, 3, 3, 3, 3, 3, 3, 3, 3, 3, 3, 3, 3, 3, 3, 3, 3, 3, 5, 3, 3, 3, 3, 3, 3, 3, 5, 3, 5, 3, 3, 3, 3, 3, 3, 3, 3, 3, 3, 3, 3, 5, 3, 3, 3, 3, 3, 5, 3, 3, 3, 3, 3, 3, 3, 3, 5, 3, 3, 3, 3, 3, 3, 3, 3, 5, 3, 3, 3, 5, 3, 3, 3, 3, 3, 3, 3, 3, 3, 3, 3, 3, 3, 3, 3, 3, 3, 3, 3, 3, 3, 3, 3, 3, 5, 3, 3, 3, 3, 3, 3, 3, 3, 3, 3, 3, 3, 3, 3, 3, 3, 3, 3, 3, 3, 3, 3, 3, 3, 3, 3, 3, 3, 3, 3, 5, 3, 3, 3, 3, 3, 3, 3, 3, 3, 3, 3, 3, 3, 3, 3, 3, 3, 3, 3, 3, 3, 3, 3, 3, 3, 3, 3, 3, 3, 3, 3, 5, 3, 3, 3, 3, 3, 3, 3, 3, 3, 3, 3, 3, 3, 3, 5, 3, 3, 3, 3, 3, 3, 3, 3, 3, 3, 3, 5, 3, 3, 3, 5, 3, 3, 3, 3, 3, 3, 3, 3, 3, 3, 3, 3, 3, 3, 3, 3, 3, 3, 3, 3, 3, 3, 3, 3, 5, 3, 3, 3, 5, 3, 3, 3, 3, 3, 3, 3, 3, 3, 5, 5, 3, 3, 3, 3, 3, 3, 5, 3, 3, 3, 3, 3, 3, 5, 3, 3, 3, 3, 3, 3, 3, 3, 3, 3, 3, 3, 3, 3, 3, 3, 3, 3, 3, 3, 5, 3, 3, 3, 3, 3, 3, 3, 5, 5, 3, 3, 3, 3, 3, 5, 3, 3, 3, 3, 3, 3, 3, 3, 3, 3, 3, 3, 3, 3, 3, 5, 5, 3, 3, 3, 5, 5]
SST: 58140.0
SSE: 1073.9564846980527
I_loss: 1.8471903761576414


GRAPH, k= 4 .
Returned group's length:  [4, 4, 4, 4, 4, 4, 7, 4, 4, 4, 4, 6, 5, 5, 4, 4, 4, 5, 6, 4, 7, 4, 7, 4, 4, 4, 5, 4, 4, 7, 4, 4, 4, 5, 4, 4, 4, 5, 6, 6, 6, 4, 7, 5, 4, 5, 4, 6, 6, 4, 4, 4, 4, 4, 4, 4, 4, 4, 4, 5, 4, 5, 4, 4, 4, 4, 4, 6, 4, 4, 4, 4, 4, 5, 4, 4, 4, 4, 4, 4, 6, 4, 4, 4, 4, 4, 4, 7, 7, 4, 6, 6, 4, 4, 4, 4, 4, 4, 4, 4, 5, 6, 4, 4, 4, 4, 4, 4, 4, 4, 4, 4, 7, 4, 7, 4, 4, 4, 5, 4, 4, 4, 4, 4, 4, 4, 4, 4, 4, 4, 4, 4, 4, 6, 4, 4, 4, 4, 4, 7, 4, 5, 4, 4, 4, 4, 4, 4, 4, 4, 4, 7, 4, 4, 4, 7, 4, 7, 4, 4, 4, 4, 4, 4, 4, 4, 4, 4, 4, 7, 7, 4, 4, 4, 4, 6, 4, 4, 4, 4, 4, 4, 4, 4, 4, 4, 4, 4, 7, 4, 4, 4, 4, 4, 4, 4, 4, 4, 4, 4, 4, 4, 4, 4, 4, 4, 4, 4, 4, 4, 4, 7, 4, 4, 4, 4, 4, 4, 4, 4, 4, 4, 4, 4, 4, 4, 7, 4, 4, 4, 4, 7, 4, 4, 4, 4, 4, 4, 4, 4, 4, 4, 4, 4, 4, 4, 4, 4, 4, 4, 4, 4, 4, 4, 4, 4, 4, 7, 4, 7, 4, 4, 4, 4, 4, 4, 4, 4, 4, 4, 4, 4, 4, 4, 4, 4, 4, 4, 4, 4, 4, 4, 4, 4, 4, 4, 4, 4, 4, 4, 4, 4, 4, 4, 4, 4, 4, 4, 4, 4, 4, 4, 4, 4, 7, 4, 4, 4, 4, 4, 4, 4, 4, 4, 4, 4, 4, 7, 4, 4, 4, 4, 4, 4, 7, 4, 7, 4, 7, 4, 4, 4, 4, 4, 4, 4, 4, 4, 4, 4, 4, 4, 4, 4, 7, 4, 4, 4, 4, 4, 4, 4, 4, 7, 4, 4, 4, 4, 4, 4, 4, 4, 4, 4, 4, 4, 4, 4, 4, 4, 4, 4, 7, 7, 4, 4, 4, 4, 4, 4, 4, 4, 4, 4, 4, 4, 4, 4, 7, 7, 4, 4, 4, 4, 4, 4, 4, 4, 4, 4, 4, 7, 4, 7, 4, 7, 4, 4, 4, 7]
SST: 58140.0
SSE: 1300.5599551347873
I_loss: 2.236945227270016


GRAPH, k= 5 .
Returned group's length:  [5, 5, 8, 5, 5, 5, 5, 9, 5, 6, 5, 5, 5, 5, 5, 5, 5, 5, 6, 9, 5, 5, 5, 5, 8, 7, 5, 5, 5, 5, 5, 6, 5, 8, 8, 6, 6, 7, 5, 5, 5, 5, 5, 5, 6, 5, 5, 5, 5, 9, 5, 6, 9, 8, 5, 5, 5, 5, 9, 5, 5, 8, 5, 5, 5, 5, 5, 9, 5, 6, 5, 5, 7, 7, 5, 7, 5, 5, 5, 5, 5, 5, 5, 8, 5, 6, 5, 5, 5, 7, 7, 5, 5, 5, 6, 8, 5, 7, 6, 5, 5, 5, 5, 8, 5, 7, 5, 6, 5, 5, 5, 5, 5, 5, 5, 5, 8, 5, 5, 8, 8, 7, 5, 9, 5, 5, 5, 5, 5, 9, 5, 5, 5, 5, 5, 5, 5, 5, 5, 5, 5, 5, 5, 8, 5, 5, 5, 5, 5, 5, 5, 5, 9, 5, 9, 5, 5, 5, 5, 5, 5, 5, 5, 5, 5, 5, 5, 5, 5, 5, 5, 5, 5, 9, 5, 5, 5, 5, 5, 5, 5, 5, 5, 5, 5, 5, 5, 5, 5, 5, 5, 5, 5, 5, 5, 5, 5, 5, 5, 5, 5, 9, 5, 5, 5, 5, 5, 5, 5, 5, 5, 5, 5, 5, 9, 5, 5, 5, 5, 5, 5, 5, 5, 9, 5, 9, 5, 5, 5, 5, 5, 5, 5, 5, 5, 5, 5, 5, 5, 5, 5, 5, 5, 5, 5, 5, 5, 5, 5, 5, 5, 5, 5, 9, 5, 5, 9, 5, 5, 5, 5, 5, 5, 9, 5, 5, 5, 5, 5, 5, 5, 5, 5, 5, 9, 5, 5, 5, 5, 9, 5, 5, 5, 5, 5, 5, 5, 5, 5, 5, 5, 9, 5, 5, 5, 5, 5, 5, 5, 5, 5, 5, 5, 5, 5, 5, 9, 9, 5, 9, 9, 5, 5, 5, 9]
SST: 58140.0
SSE: 1770.7562555462623
I_loss: 3.045676394128418


GRAPH, k= 6 .
Returned group's length:  [11, 6, 9, 6, 6, 7, 9, 6, 6, 10, 10, 6, 6, 10, 6, 6, 6, 6, 10, 6, 8, 9, 6, 6, 6, 10, 6, 10, 8, 6, 6, 6, 6, 10, 6, 6, 6, 6, 9, 6, 9, 8, 6, 5, 6, 6, 6, 9, 6, 6, 8, 6, 6, 6, 6, 8, 6, 10, 6, 6, 6, 7, 7, 6, 7, 6, 11, 6, 6, 6, 11, 6, 11, 7, 11, 6, 6, 6, 8, 6, 6, 6, 6, 6, 9, 6, 10, 7, 11, 6, 6, 10, 6, 6, 6, 6, 6, 6, 6, 6, 7, 6, 6, 7, 7, 6, 6, 6, 6, 6, 6, 6, 6, 6, 8, 6, 6, 9, 6, 6, 6, 6, 6, 6, 6, 6, 6, 6, 11, 6, 6, 6, 6, 6, 6, 6, 6, 11, 6, 6, 11, 6, 6, 6, 6, 6, 6, 6, 6, 6, 6, 6, 6, 6, 6, 6, 6, 6, 6, 6, 6, 6, 6, 6, 6, 6, 6, 6, 6, 6, 6, 11, 6, 6, 6, 6, 6, 6, 6, 6, 11, 6, 11, 6, 6, 6, 6, 6, 6, 6, 6, 6, 6, 6, 6, 11, 6, 6, 6, 6, 11, 6, 6, 6, 6, 6, 6, 6, 6, 6, 6, 6, 6, 6, 6, 6, 6, 6, 6, 6, 6, 11, 6, 6, 6, 6, 6, 6, 6, 6, 6, 6, 6, 6, 11, 11, 6, 6, 11, 11, 6, 11, 6, 6, 6, 11]
SST: 58140.0
SSE: 2247.5720696900194
I_loss: 3.865793033522565


*** WORKING ON: ../Datasets/madrid.csv
GRAPH, k= 3 .
Returned group's length:  [3, 3, 3, 5, 3, 4, 4, 3, 3, 3, 3, 4, 3, 3, 3, 3, 5, 3, 3, 5, 3, 3, 5, 3, 3, 3, 5, 3, 3, 3, 3, 5, 4, 3, 3, 5, 3, 3, 3, 4, 5, 3, 4, 4, 3, 4, 3, 4, 3, 4, 5, 3, 5, 4, 4, 5, 4, 5, 3, 3, 3, 3, 3, 3, 5, 5, 4, 3, 4, 5, 3, 3, 3, 3, 3, 5, 4, 3, 3, 5, 3, 4, 4, 3, 5, 5, 5, 3, 3, 5, 4, 3, 3, 3, 3, 3, 3, 4, 3, 4, 3, 3, 3, 3, 4, 3, 3, 3, 5, 4, 5, 4, 3, 4, 5, 4, 5, 3, 4, 3, 4, 5, 3, 4, 5, 3, 3, 5, 4, 3, 4, 5, 3, 3, 3, 3, 3, 3, 3, 3, 3, 3, 3, 3, 3, 4, 3, 3, 3, 3, 4, 3, 4, 3, 3, 3, 3, 3, 3, 3, 3, 3, 3, 4, 3, 3, 3, 3, 3, 3, 4, 3, 3, 3, 3, 3, 3, 3, 3, 3, 3, 3, 3, 3, 3, 3, 3, 3, 3, 3, 3, 3, 3, 3, 3, 3, 3, 3, 3, 3, 3, 3, 3, 3, 3, 3, 3, 3, 3, 3, 3, 3, 3, 3, 3, 3, 3, 3, 3, 3, 3, 3, 3, 3, 3, 3, 3, 3, 3, 3, 3, 3, 3, 3, 3, 3, 3, 3, 3, 3, 3, 3, 3, 3, 3, 3, 3, 3, 3, 3, 3, 3, 3, 3, 3, 5, 3, 3, 3, 3, 3, 3, 3, 3, 3, 3, 3, 3, 3, 3, 3, 3, 3, 3, 3, 3, 3, 5, 3, 5, 3, 3, 3, 3, 3, 3, 3, 3, 5, 3, 3, 3, 3, 3, 3, 3, 3, 3, 3, 3, 5, 3, 3, 3, 3, 3, 3, 3, 3, 3, 3, 3, 3, 3, 3, 3, 3, 3, 3, 3, 3, 3, 3, 3, 3, 3, 3, 3, 5, 3, 3, 3, 3, 3, 3, 3, 3, 3, 3, 3, 3, 3, 3, 3, 3, 5, 3, 5, 3, 5, 3, 3, 3, 3, 3, 3, 3, 3, 3, 3, 3, 3, 3, 3, 3, 3, 3, 3, 3, 3, 3, 3, 3, 3, 3, 3, 3, 3, 3, 3, 3, 3, 3, 3, 3, 3, 3, 3, 3, 3, 3, 3, 3, 3, 3, 3, 3, 3, 3, 3, 3, 3, 3, 3, 3, 3, 3, 3, 3, 3, 3, 3, 3, 3, 3, 3, 3, 3, 3, 3, 3, 3, 3, 3, 3, 3, 3, 3, 3, 3, 3, 3, 3, 3, 3, 3, 3, 3, 3, 3, 3, 3, 3, 3, 3, 3, 3, 3, 3, 3, 3, 3, 3, 3, 3, 3, 3, 3, 3, 3, 5, 3, 3, 3, 3, 3, 3, 5, 3, 3, 3, 3, 3, 3, 3, 3, 3, 3, 3, 3, 3, 3, 5, 3, 3, 3, 3, 3, 3, 3, 3, 3, 5, 3, 3, 3, 3, 3, 3, 3, 3, 5]
SST: 57540.0
SSE: 1845.9253230340778
I_loss: 3.2080732065242925


GRAPH, k= 4 .
Returned group's length:  [4, 4, 4, 4, 7, 4, 4, 4, 4, 4, 4, 7, 4, 6, 5, 4, 4, 6, 4, 4, 4, 4, 5, 4, 5, 5, 5, 6, 4, 4, 4, 5, 6, 6, 4, 7, 6, 7, 5, 4, 5, 5, 4, 4, 4, 4, 4, 4, 6, 4, 4, 4, 4, 5, 4, 6, 4, 4, 4, 6, 6, 4, 5, 4, 4, 5, 4, 5, 4, 4, 4, 5, 4, 4, 4, 4, 4, 6, 6, 6, 7, 7, 4, 4, 7, 5, 4, 5, 4, 4, 5, 6, 4, 4, 5, 4, 4, 4, 4, 6, 6, 3, 4, 5, 6, 5, 4, 4, 4, 4, 6, 7, 4, 4, 5, 5, 4, 4, 5, 4, 4, 4, 4, 4, 4, 7, 5, 4, 4, 4, 4, 5, 6, 4, 4, 4, 4, 4, 4, 4, 4, 4, 4, 4, 7, 4, 4, 4, 4, 4, 4, 7, 4, 4, 4, 4, 4, 4, 4, 4, 4, 4, 6, 4, 4, 4, 4, 4, 4, 4, 4, 4, 4, 4, 4, 4, 4, 4, 4, 4, 4, 7, 4, 4, 4, 4, 4, 4, 4, 4, 7, 7, 4, 4, 4, 4, 4, 4, 4, 4, 4, 4, 4, 4, 4, 4, 4, 4, 4, 4, 4, 4, 4, 4, 4, 4, 4, 4, 4, 4, 4, 4, 4, 4, 4, 4, 4, 4, 4, 4, 4, 4, 4, 4, 4, 4, 4, 4, 4, 4, 7, 4, 4, 4, 4, 4, 4, 4, 4, 4, 4, 4, 4, 4, 4, 4, 4, 4, 4, 4, 4, 4, 4, 7, 4, 7, 4, 4, 4, 4, 7, 4, 4, 4, 4, 4, 7, 4, 4, 4, 4, 4, 4, 4, 4, 4, 4, 4, 4, 4, 4, 4, 4, 4, 4, 4, 4, 4, 4, 4, 4, 4, 4, 4, 4, 4, 4, 4, 4, 4, 4, 4, 4, 4, 4, 4, 4, 4, 4, 4, 4, 4, 4, 4, 4, 4, 4, 4, 4, 4, 4, 4, 4, 4, 4, 4, 4, 4, 4, 4, 4, 4, 4, 4, 4, 4, 4, 4, 4, 4, 4, 4, 4, 4, 4, 4, 4, 4, 4, 4, 4, 4, 4, 4, 4, 4, 4, 4, 4, 4, 4, 4, 4, 4, 4, 4, 4, 4, 4, 4, 4, 4, 4, 4, 7, 4, 4, 7, 4, 4, 4, 4, 4, 4, 4, 4, 4, 4, 4, 4, 4, 4, 7, 4, 4, 4, 4, 4, 4, 4, 4, 4, 4, 4, 7, 4, 4, 4, 4, 4, 4, 4, 7]
SST: 57540.0
SSE: 2207.01196037258
I_loss: 3.835613417401077


GRAPH, k= 5 .
Returned group's length:  [7, 5, 7, 8, 8, 8, 8, 7, 8, 5, 7, 5, 5, 5, 5, 5, 6, 6, 5, 5, 5, 5, 6, 7, 5, 5, 8, 5, 8, 5, 8, 5, 5, 6, 9, 5, 7, 6, 5, 5, 5, 5, 5, 9, 5, 5, 8, 6, 9, 5, 4, 5, 5, 8, 6, 6, 5, 5, 9, 5, 5, 5, 5, 5, 5, 5, 5, 9, 8, 5, 5, 5, 5, 6, 5, 6, 6, 7, 5, 5, 6, 5, 5, 5, 6, 9, 5, 7, 6, 5, 5, 7, 9, 8, 5, 6, 5, 5, 9, 8, 8, 5, 5, 8, 5, 5, 8, 5, 5, 5, 5, 5, 8, 9, 5, 5, 9, 9, 5, 5, 5, 5, 5, 5, 5, 5, 5, 5, 5, 5, 5, 5, 5, 5, 5, 5, 5, 5, 5, 5, 5, 5, 5, 5, 5, 5, 5, 5, 5, 5, 5, 5, 5, 5, 5, 5, 5, 5, 5, 5, 5, 5, 5, 5, 5, 5, 5, 5, 9, 5, 5, 5, 5, 5, 5, 5, 5, 5, 5, 5, 5, 9, 5, 5, 5, 5, 5, 5, 5, 5, 5, 5, 9, 5, 5, 5, 5, 5, 5, 5, 9, 5, 5, 5, 5, 5, 5, 5, 5, 5, 5, 9, 5, 5, 5, 5, 5, 5, 5, 5, 5, 5, 5, 5, 5, 5, 5, 5, 5, 5, 5, 5, 5, 5, 5, 5, 5, 5, 5, 5, 5, 5, 5, 5, 5, 5, 5, 5, 5, 5, 5, 5, 5, 5, 5, 5, 5, 5, 5, 5, 5, 5, 5, 5, 5, 5, 5, 5, 5, 5, 5, 5, 5, 5, 5, 5, 5, 5, 5, 5, 5, 5, 5, 5, 5, 5, 5, 5, 5, 5, 5, 5, 5, 5, 5, 5, 5, 5, 5, 5, 5, 5, 5, 5, 5, 5, 5, 9, 5, 5, 5, 5, 5, 5, 9, 5, 5, 5, 5, 5, 5, 5, 5, 5, 5, 5, 5, 5, 5, 5, 9, 5, 5, 5, 5, 5, 5, 5, 5, 9, 5, 5, 5, 5, 5, 5, 5, 5, 5, 5, 5, 5, 5, 9]
SST: 57540.0
SSE: 2799.036937407573
I_loss: 4.864506321528629


GRAPH, k= 6 .
Returned group's length:  [7, 8, 6, 6, 6, 6, 7, 11, 6, 6, 6, 10, 8, 6, 6, 8, 8, 8, 8, 10, 8, 10, 6, 10, 11, 8, 6, 10, 10, 6, 7, 6, 10, 9, 6, 9, 6, 6, 6, 9, 6, 6, 6, 9, 8, 6, 6, 6, 6, 11, 6, 6, 6, 6, 6, 6, 9, 6, 6, 6, 6, 6, 6, 6, 7, 6, 6, 6, 6, 10, 6, 11, 7, 6, 9, 11, 6, 6, 8, 10, 10, 6, 6, 7, 6, 6, 7, 6, 6, 7, 6, 6, 6, 6, 6, 9, 8, 6, 6, 6, 6, 9, 6, 6, 6, 6, 6, 6, 6, 6, 6, 6, 11, 7, 6, 6, 6, 6, 11, 6, 6, 6, 6, 6, 10, 6, 6, 6, 6, 6, 6, 6, 6, 6, 6, 6, 6, 6, 6, 6, 6, 6, 6, 6, 6, 6, 11, 6, 6, 6, 6, 6, 6, 6, 6, 11, 6, 6, 6, 6, 6, 6, 6, 6, 6, 6, 6, 6, 6, 6, 6, 11, 6, 6, 6, 6, 6, 6, 6, 6, 6, 6, 6, 6, 6, 6, 6, 6, 6, 6, 6, 6, 6, 6, 6, 6, 6, 6, 6, 6, 6, 6, 6, 6, 6, 6, 6, 6, 6, 6, 6, 6, 6, 6, 6, 6, 6, 6, 6, 6, 6, 6, 6, 6, 6, 6, 6, 6, 6, 6, 6, 6, 6, 6, 6, 6, 6, 6, 6, 6, 6, 6, 6, 6, 6, 6, 6, 6, 6, 6, 6, 6, 6, 6, 6, 6, 6, 11, 6, 6, 6, 6, 6, 6, 11, 6, 6, 6, 6, 6, 6, 6, 6, 6, 6, 6, 6, 6, 6, 6, 11, 6, 6, 6, 6, 6, 6, 6, 6, 11, 6, 6, 6, 6, 6, 6, 6, 6, 6, 6, 11]
SST: 57540.0
SSE: 3283.7645914386862
I_loss: 5.706924906914644


*** WORKING ON: ../Datasets/tarraco.csv
GRAPH, k= 3 .
Returned group's length:  [3, 3, 3, 3, 3, 5, 5, 3, 4, 5, 3, 3, 3, 3, 3, 4, 5, 4, 3, 4, 3, 3, 3, 3, 3, 3, 3, 3, 3, 5, 3, 4, 5, 3, 3, 4, 3, 3, 3, 3, 3, 3, 3, 5, 5, 3, 5, 5, 3, 5, 5, 5, 4, 3, 3, 3, 3, 4, 5, 5, 3, 3, 4, 4, 4, 4, 5, 4, 5, 3, 3, 3, 3, 3, 3, 4, 3, 3, 4, 4, 3, 3, 3, 4, 5, 4, 4, 3, 4, 3, 3, 4, 3, 3, 4, 4, 3, 3, 3, 3, 4, 3, 3, 3, 5, 3, 3, 3, 5, 4, 4, 4, 4, 3, 3, 3, 4, 4, 3, 5, 5, 5, 5, 4, 5, 5, 3, 3, 4, 3, 3, 3, 5, 4, 4, 3, 3, 3, 3, 5, 5, 3, 5, 3, 5, 5, 4, 3, 3, 4, 3, 4, 5, 3, 4, 3, 3, 5, 5, 4, 4, 3, 3, 4, 3, 3, 3, 3, 5, 5, 3, 3, 3, 4, 3, 5, 5, 4, 5, 3, 4, 3, 3, 4, 4, 3, 3, 3, 3, 3, 4, 4, 4, 4, 4, 4, 5, 5, 4, 3, 3, 4, 3, 5, 3, 3, 3, 5, 4, 3, 3, 4, 3, 3, 4, 3, 5, 3, 3, 3, 3, 3, 4, 3, 3, 3, 3, 5, 3, 3, 3, 5, 3, 4, 5, 3, 3, 3, 4, 4, 4, 5, 4, 4, 3, 3, 3, 4, 3, 5, 3, 3, 4, 3, 3, 4, 4]
SST: 55920.00000000001
SSE: 509.00795929374937
I_loss: 0.9102431317842441


GRAPH, k= 4 .
Returned group's length:  [4, 4, 5, 4, 5, 4, 5, 6, 4, 5, 6, 5, 6, 6, 5, 5, 7, 4, 4, 4, 4, 4, 6, 6, 4, 4, 4, 6, 5, 6, 6, 5, 6, 4, 4, 3, 5, 4, 4, 6, 5, 4, 5, 5, 7, 4, 4, 4, 5, 4, 4, 4, 4, 6, 6, 4, 5, 5, 4, 5, 4, 5, 4, 5, 4, 5, 4, 4, 7, 4, 4, 5, 4, 4, 4, 4, 5, 4, 6, 4, 4, 5, 4, 4, 4, 7, 6, 7, 5, 5, 4, 4, 5, 5, 4, 4, 7, 7, 6, 4, 7, 5, 7, 5, 4, 4, 5, 5, 5, 5, 4, 4, 4, 5, 4, 4, 4, 5, 4, 6, 6, 4, 4, 6, 4, 7, 4, 4, 4, 7, 5, 4, 6, 5, 5, 5, 7, 4, 7, 4, 5, 7, 4, 4, 4, 4, 4, 5, 5, 4, 7, 4, 4, 6, 6, 5, 6, 5, 5, 4, 6, 4, 4, 6, 4, 4, 5, 4, 4, 5, 5, 5, 6, 4, 7, 4, 4, 4, 5, 5, 4, 4, 4, 6, 4, 4, 4, 7, 6, 5, 5, 7, 5, 5]
SST: 55920.00000000001
SSE: 623.5321692209134
I_loss: 1.1150432210674415


GRAPH, k= 5 .
Returned group's length:  [6, 9, 9, 9, 9, 5, 5, 7, 6, 5, 6, 5, 7, 8, 9, 9, 5, 5, 7, 6, 6, 6, 5, 6, 8, 6, 5, 7, 5, 8, 6, 6, 8, 9, 8, 5, 8, 5, 7, 5, 9, 5, 5, 6, 6, 5, 9, 8, 5, 9, 6, 7, 5, 9, 8, 9, 6, 7, 7, 5, 8, 5, 5, 5, 6, 7, 5, 5, 5, 7, 6, 7, 8, 5, 5, 8, 6, 5, 7, 5, 8, 9, 6, 9, 8, 6, 5, 6, 7, 7, 9, 5, 5, 6, 5, 5, 5, 7, 6, 7, 6, 6, 9, 5, 5, 7, 8, 5, 6, 5, 6, 5, 5, 6, 5, 9, 9, 9, 5, 5, 6, 8, 5, 8, 8, 5, 5, 8, 5, 7, 7, 8, 5, 5, 5, 5, 5, 7, 5, 6, 7, 8, 5, 9, 8, 9, 8, 5]
SST: 55920.00000000001
SSE: 938.5707752441767
I_loss: 1.6784169800503874


GRAPH, k= 6 .
Returned group's length:  [8, 7, 9, 9, 11, 7, 6, 6, 6, 6, 6, 7, 10, 6, 7, 9, 6, 9, 6, 6, 8, 11, 7, 6, 6, 11, 6, 7, 6, 6, 6, 9, 6, 6, 9, 9, 9, 9, 6, 6, 8, 7, 7, 8, 9, 6, 7, 7, 10, 8, 6, 6, 6, 7, 10, 6, 6, 8, 6, 6, 6, 9, 6, 8, 10, 11, 6, 7, 10, 7, 6, 6, 11, 7, 11, 9, 6, 6, 9, 10, 7, 8, 6, 6, 6, 6, 9, 9, 10, 6, 9, 9, 6, 9, 8, 6, 8, 8, 8, 9, 7, 11, 9, 6, 8, 10, 6, 7, 6, 8, 10, 6, 9, 9, 6, 9, 8, 9, 8, 6, 8, 7, 6, 10, 9, 6, 6, 6, 9, 8]
SST: 55920.00000000001
SSE: 1119.2875304248798
I_loss: 2.001587143106008


*** WORKING ON: ../Datasets/EIA.csv
GRAPH, k= 3 .
Returned group's length:  [4, 3, 3, 3, 3, 3, 5, 3, 3, 5, 4, 3, 3, 3, 3, 3, 3, 4, 5, 5, 3, 5, 5, 4, 5, 5, 3, 3, 5, 3, 3, 3, 5, 5, 3, 5, 4, 5, 4, 4, 5, 3, 5, 3, 3, 3, 3, 4, 3, 3, 4, 3, 3, 3, 3, 5, 5, 3, 3, 3, 3, 3, 5, 5, 3, 5, 4, 5, 3, 3, 3, 4, 3, 4, 4, 3, 3, 4, 3, 3, 3, 3, 3, 3, 4, 3, 3, 3, 3, 3, 3, 4, 4, 3, 4, 4, 3, 4, 3, 3, 4, 3, 3, 3, 3, 4, 3, 5, 4, 3, 4, 3, 3, 3, 4, 3, 4, 3, 3, 4, 3, 5, 5, 4, 5, 3, 3, 3, 3, 5, 4, 4, 5, 5, 3, 3, 3, 3, 3, 3, 3, 3, 3, 4, 5, 4, 4, 5, 3, 3, 4, 5, 3, 5, 5, 5, 4, 4, 4, 4, 4, 4, 3, 3, 4, 4, 4, 5, 5, 4, 3, 3, 3, 3, 3, 3, 4, 3, 4, 4, 3, 3, 3, 5, 4, 3, 3, 4, 4, 3, 3, 3, 3, 4, 5, 4, 3, 4, 3, 3, 4, 3, 4, 4, 3, 5, 4, 4, 3, 5, 4, 3, 3, 3, 5, 4, 4, 3, 3, 4, 3, 4, 3, 4, 4, 4, 3, 5, 4, 5, 4, 3, 4, 5, 4, 4, 5, 4, 4, 3, 5, 4, 4, 3, 5, 3, 4, 4, 3, 4, 3, 3, 3, 5, 5, 5, 5, 4, 4, 3, 5, 3, 3, 4, 5, 3, 4, 3, 4, 3, 5, 4, 3, 3, 4, 5, 3, 3, 3, 4, 3, 3, 4, 3, 3, 3, 3, 3, 3, 3, 3, 3, 4, 3, 3, 3, 3, 3, 5, 3, 3, 3, 3, 3, 5, 4, 3, 4, 3, 4, 5, 4, 4, 5, 5, 5, 3, 4, 5, 3, 4, 4, 4, 3, 4, 3, 4, 5, 4, 4, 3, 4, 4, 4, 3, 4, 3, 3, 3, 4, 3, 3, 3, 3, 3, 3, 4, 4, 4, 5, 4, 4, 5, 5, 4, 3, 3, 5, 4, 3, 3, 3, 3, 3, 4, 5, 3, 4, 3, 3, 3, 4, 4, 5, 4, 4, 3, 3, 3, 4, 4, 3, 5, 5, 3, 4, 3, 4, 4, 5, 4, 5, 4, 3, 5, 4, 5, 3, 3, 4, 5, 4, 4, 4, 3, 3, 3, 5, 4, 3, 4, 3, 5, 5, 3, 4, 3, 4, 3, 4, 4, 4, 4, 4, 3, 4, 5, 3, 3, 4, 3, 5, 3, 3, 3, 3, 3, 3, 3, 4, 5, 4, 3, 5, 3, 3, 5, 3, 5, 3, 3, 4, 3, 3, 3, 3, 3, 3, 3, 3, 3, 4, 3, 3, 4, 4, 3, 4, 3, 4, 4, 4, 4, 3, 5, 3, 5, 4, 4, 5, 3, 3, 5, 4, 3, 3, 4, 5, 5, 4, 3, 4, 4, 4, 4, 3, 4, 5, 4, 4, 4, 3, 4, 3, 4, 4, 3, 4, 3, 5, 3, 3, 4, 3, 4, 5, 4, 3, 3, 3, 3, 3, 5, 3, 5, 4, 3, 4, 4, 4, 3, 3, 3, 5, 3, 5, 5, 3, 5, 3, 4, 4, 3, 4, 3, 4, 3, 3, 5, 3, 4, 3, 3, 5, 3, 4, 4, 3, 3, 3, 3, 3, 5, 4, 3, 3, 3, 4, 3, 3, 3, 3, 3, 3, 5, 4, 3, 3, 4, 3, 5, 4, 5, 4, 3, 4, 5, 4, 4, 4, 3, 4, 3, 4, 4, 3, 4, 3, 4, 5, 3, 3, 3, 4, 3, 3, 3, 3, 3, 3, 3, 5, 3, 3, 3, 3, 3, 5, 3, 3, 3, 4, 3, 3, 3, 3, 3, 4, 3, 5, 4, 5, 3, 4, 4, 5, 3, 3, 3, 3, 3, 5, 4, 4, 5, 5, 3, 5, 5, 4, 4, 5, 3, 4, 3, 3, 3, 3, 3, 3, 3, 4, 3, 3, 3, 5, 5, 3, 3, 4, 4, 5, 5, 3, 3, 5, 3, 3, 5, 3, 4, 3, 5, 5, 3, 5, 4, 4, 4, 3, 5, 3, 3, 5, 4, 4, 5, 5, 5, 3, 3, 4, 3, 3, 3, 3, 3, 3, 3, 3, 3, 5, 4, 5, 3, 4, 5, 4, 3, 3, 3, 5, 3, 3, 3, 5, 3, 3, 4, 3, 4, 3, 3, 3, 3, 3, 4, 5, 4, 4, 3, 5, 3, 3, 5, 4, 3, 3, 5, 5, 3, 3, 4, 3, 5, 4, 5, 5, 3, 5, 3, 3, 4, 3, 5, 3, 5, 5, 3, 4, 3, 5, 4, 3, 4, 3, 4, 5, 3, 5, 4, 3, 4, 4, 3, 3, 5, 3, 3, 3, 3, 3, 3, 5, 4, 5, 3, 5, 3, 3, 5, 5, 4, 3, 3, 4, 3, 4, 4, 4, 3, 3, 4, 5, 4, 4, 3, 3, 4, 4, 5, 3, 4, 3, 5, 4, 3, 5, 3, 3, 3, 3, 4, 3, 3, 3, 5, 3, 3, 4, 3, 3, 3, 4, 5, 3, 5, 4, 4, 3, 3, 3, 3, 3, 3, 3, 4, 3, 3, 3, 4, 4, 4, 3, 3, 3, 5, 3, 3, 3, 3, 3, 3, 5, 3, 4, 3, 3, 3, 3, 3, 5, 4, 4, 3, 3, 3, 5, 3, 4, 4, 3, 4, 4, 4, 3, 3, 3, 3, 3, 4, 4, 4, 3, 3, 5, 3, 3, 5, 4, 3, 3, 4, 4, 3, 3, 3, 4, 3, 4, 4, 4, 5, 5, 4, 3, 3, 3, 4, 5, 5, 3, 4, 3, 3, 3, 3, 3, 3, 4, 3, 3, 3, 4, 5, 3, 3, 3, 5, 4, 5, 3, 5, 3, 3, 3, 4, 3, 3, 3, 3, 3, 3, 3, 3, 3, 3, 3, 4, 3, 4, 4, 5, 5, 3, 3, 4, 3, 5, 3, 5, 3, 5, 3, 4, 4, 3, 3, 3, 5, 4, 3, 3, 3, 3, 3, 4, 5, 3, 3, 4, 3, 5, 3, 3, 4, 3, 3, 3, 4, 3, 5, 5, 4, 3, 3, 4, 3, 4, 3, 4, 3, 3, 5, 3, 5, 4, 3, 5, 3, 5, 4, 3, 4, 5, 3, 4, 5, 4, 3, 3, 4, 3, 5, 4, 3, 5, 3, 4, 3, 4, 4, 4, 4, 4, 4, 4, 4, 3, 4, 3, 4, 3, 5, 3, 4, 4, 4, 5, 3, 5, 4, 5, 3, 3, 5, 4, 3, 3, 3, 3, 5, 3, 3, 5, 3, 3, 3, 4, 3, 5, 4, 3, 3, 3, 3, 3, 3, 3, 3, 3, 3, 3, 5, 5, 3, 3, 3, 5, 3, 3, 5, 4, 3, 3, 3, 3, 3, 5]
SST: 45011.999999999985
SSE: 183.76992200394278
I_loss: 0.40826873279112863


GRAPH, k= 4 .
Returned group's length:  [6, 6, 4, 4, 4, 5, 4, 4, 7, 4, 4, 4, 4, 4, 4, 6, 6, 4, 6, 5, 5, 4, 6, 5, 4, 6, 5, 6, 4, 4, 4, 6, 7, 5, 4, 4, 6, 7, 5, 4, 4, 4, 5, 6, 6, 4, 5, 4, 4, 5, 4, 6, 4, 7, 4, 4, 4, 4, 5, 5, 5, 6, 6, 6, 4, 4, 4, 6, 5, 5, 5, 4, 6, 5, 4, 4, 4, 4, 6, 4, 6, 6, 5, 4, 4, 6, 4, 5, 5, 5, 4, 4, 4, 5, 4, 6, 5, 4, 4, 4, 4, 4, 4, 4, 5, 4, 4, 6, 4, 4, 4, 4, 5, 5, 7, 4, 4, 4, 4, 4, 4, 6, 4, 4, 7, 5, 4, 6, 5, 4, 5, 6, 6, 4, 7, 4, 4, 4, 4, 6, 7, 6, 6, 5, 4, 4, 5, 4, 5, 5, 6, 5, 4, 7, 5, 4, 4, 4, 7, 4, 5, 4, 4, 4, 4, 6, 4, 4, 6, 4, 4, 5, 5, 4, 6, 4, 6, 6, 4, 4, 6, 4, 4, 4, 4, 4, 4, 4, 6, 7, 4, 4, 4, 4, 4, 5, 4, 5, 4, 4, 4, 4, 5, 4, 7, 4, 4, 6, 4, 4, 4, 4, 4, 7, 7, 6, 6, 6, 4, 4, 6, 5, 7, 5, 5, 5, 4, 4, 4, 4, 4, 4, 4, 5, 7, 6, 6, 6, 4, 6, 5, 6, 4, 4, 5, 4, 7, 4, 4, 7, 4, 6, 4, 4, 4, 6, 5, 7, 4, 4, 4, 4, 7, 4, 4, 4, 4, 4, 4, 4, 7, 4, 7, 6, 6, 7, 6, 5, 4, 7, 5, 4, 4, 5, 4, 4, 7, 6, 6, 4, 4, 6, 6, 4, 4, 7, 4, 5, 7, 5, 4, 4, 7, 4, 4, 4, 4, 4, 6, 4, 4, 6, 7, 6, 7, 6, 6, 4, 4, 4, 4, 5, 5, 6, 4, 7, 4, 4, 6, 4, 6, 6, 5, 7, 5, 7, 4, 5, 4, 6, 4, 4, 6, 4, 7, 4, 4, 6, 4, 4, 7, 4, 5, 4, 4, 4, 4, 4, 4, 7, 4, 7, 5, 4, 4, 4, 4, 4, 4, 5, 7, 7, 4, 4, 7, 5, 7, 6, 6, 6, 6, 6, 4, 6, 4, 4, 7, 7, 5, 6, 7, 4, 4, 4, 4, 4, 6, 4, 4, 4, 4, 4, 4, 5, 6, 4, 4, 4, 7, 7, 6, 4, 4, 4, 4, 7, 4, 7, 4, 4, 4, 4, 4, 5, 7, 4, 4, 4, 6, 6, 6, 4, 4, 6, 5, 4, 4, 5, 4, 4, 4, 4, 4, 4, 5, 6, 4, 4, 5, 4, 4, 4, 4, 4, 4, 4, 4, 4, 4, 4, 4, 4, 4, 4, 4, 4, 4, 4, 7, 4, 4, 4, 5, 5, 7, 4, 7, 5, 4, 4, 6, 5, 4, 7, 4, 6, 4, 4, 4, 4, 4, 6, 5, 6, 4, 5, 6, 5, 4, 4, 4, 4, 4, 7, 5, 4, 7, 7, 7, 6, 4, 4, 7, 4, 4, 4, 5, 4, 5, 5, 7, 4, 6, 4, 4, 5, 4, 5, 4, 4, 4, 4, 4, 4, 7, 4, 4, 4, 6, 4, 4, 4, 4, 6, 5, 6, 6, 4, 5, 4, 4, 7, 6, 5, 4, 6, 7, 4, 4, 7, 4, 4, 4, 4, 4, 4, 4, 4, 5, 7, 4, 5, 5, 4, 4, 4, 4, 4, 4, 6, 4, 4, 4, 4, 5, 5, 7, 6, 7, 4, 4, 4, 4, 5, 7, 6, 7, 6, 7, 6, 6, 7, 4, 4, 4, 4, 4, 4, 6, 6, 4, 4, 4, 7, 5, 4, 6, 4, 7, 6, 4, 7, 5, 4, 5, 7, 4, 5, 4, 4, 7, 4, 6, 4, 4, 4, 4, 6, 4, 5, 7, 4, 4, 5, 4, 4, 6, 7, 7, 7, 4, 4, 4, 4, 4, 4, 4, 5, 5, 4, 5, 6, 6, 4, 4, 5, 4, 4, 6, 7, 6, 4, 7, 4, 4, 4, 4, 4, 4, 7, 5, 5, 6, 6, 5, 4, 6, 6, 4, 6, 4, 4, 4, 7, 4, 7, 4, 4, 5, 5, 4, 7, 4, 4, 4, 4, 7, 4, 7, 7, 4, 5, 4, 5, 7, 6, 4, 4, 4, 7, 4, 7, 7, 4, 7, 6, 4, 6, 4, 6, 4, 4, 4, 4, 7, 4, 4, 6, 5, 4, 7, 4, 4, 6, 4, 4, 4, 4, 4, 7, 4, 4, 4, 6, 4, 4, 4, 7, 5, 4, 4, 6, 4, 4, 4, 4, 4, 4, 4, 4, 4, 4, 4, 4, 4, 4, 4, 4, 4, 4, 4, 4, 5, 4, 5, 4, 4, 4, 4, 4, 7, 4, 4, 4, 5, 4, 4, 4, 4, 4, 4, 4, 7, 5, 7, 5, 5, 5, 4, 4, 6, 4, 5, 4, 4, 4, 4, 5, 5, 5, 4, 4, 4, 5, 4, 4, 4, 4, 4, 5, 4, 5, 4, 4, 4, 4, 4, 4, 5, 4, 4, 5, 4, 5, 4, 4, 4, 4, 4, 5, 5, 6, 4, 5, 7]
SST: 45011.999999999985
SSE: 261.08458255026255
I_loss: 0.5800332856799578


GRAPH, k= 5 .
Returned group's length:  [5, 5, 5, 5, 6, 7, 5, 5, 7, 5, 6, 6, 7, 5, 9, 5, 7, 5, 6, 6, 5, 5, 7, 5, 6, 6, 5, 5, 6, 5, 7, 5, 5, 5, 5, 5, 6, 5, 6, 6, 5, 6, 5, 5, 5, 5, 9, 5, 5, 5, 9, 5, 7, 5, 6, 7, 5, 6, 5, 5, 6, 6, 5, 8, 5, 5, 5, 6, 6, 5, 5, 5, 5, 5, 6, 5, 5, 9, 5, 6, 6, 5, 7, 9, 5, 5, 6, 6, 6, 5, 5, 7, 5, 7, 5, 7, 5, 7, 5, 7, 9, 5, 7, 9, 5, 6, 5, 6, 5, 5, 6, 6, 6, 5, 7, 5, 5, 5, 5, 6, 5, 6, 5, 6, 6, 6, 5, 5, 7, 5, 7, 6, 6, 5, 6, 5, 5, 5, 6, 7, 5, 5, 5, 5, 7, 7, 7, 5, 6, 6, 5, 6, 6, 7, 5, 6, 6, 7, 5, 7, 7, 6, 6, 7, 5, 5, 5, 7, 5, 5, 5, 5, 5, 7, 7, 6, 6, 5, 6, 6, 5, 7, 7, 7, 5, 5, 7, 5, 6, 6, 7, 8, 7, 6, 6, 5, 7, 5, 5, 5, 6, 7, 6, 6, 6, 6, 7, 5, 7, 5, 5, 5, 6, 6, 5, 6, 7, 5, 6, 5, 9, 5, 5, 5, 5, 5, 6, 5, 9, 7, 6, 6, 7, 5, 7, 5, 5, 5, 7, 6, 7, 5, 5, 7, 7, 5, 7, 7, 5, 7, 6, 6, 6, 5, 7, 7, 5, 6, 5, 7, 5, 7, 3, 9, 6, 6, 6, 5, 7, 6, 6, 5, 5, 5, 6, 7, 6, 6, 6, 7, 7, 6, 5, 7, 6, 6, 5, 7, 8, 7, 7, 7, 5, 7, 9, 7, 5, 9, 6, 6, 6, 9, 5, 9, 8, 9, 5, 7, 7, 5, 6, 5, 7, 5, 5, 7, 5, 7, 5, 7, 5, 5, 7, 5, 6, 7, 5, 7, 5, 7, 9, 7, 7, 9, 7, 6, 6, 6, 6, 5, 8, 6, 8, 5, 6, 6, 6, 7, 5, 5, 5, 5, 6, 5, 8, 5, 5, 6, 7, 5, 5, 5, 5, 7, 7, 7, 7, 6, 6, 6, 5, 5, 5, 5, 7, 5, 6, 6, 7, 5, 7, 7, 5, 8, 7, 5, 6, 6, 5, 7, 5, 5, 6, 7, 5, 7, 5, 6, 5, 5, 7, 5, 7, 7, 6, 5, 6, 7, 7, 7, 5, 7, 5, 8, 5, 7, 7, 5, 6, 6, 5, 7, 9, 6, 5, 7, 5, 6, 6, 6, 5, 7, 6, 6, 6, 6, 7, 6, 6, 6, 7, 8, 5, 8, 7, 6, 7, 6, 7, 6, 6, 7, 5, 5, 5, 6, 7, 5, 6, 6, 7, 7, 6, 9, 6, 7, 6, 7, 6, 7, 5, 5, 5, 5, 6, 5, 5, 5, 7, 6, 6, 6, 9, 5, 7, 5, 6, 6, 6, 7, 7, 7, 5, 7, 5, 5, 5, 6, 5, 5, 6, 6, 5, 7, 5, 6, 7, 5, 6, 7, 8, 7, 6, 6, 7, 5, 7, 5, 6, 6, 5, 6, 6, 9, 6, 7, 7, 8, 7, 5, 5, 7, 7, 5, 7, 5, 7, 7, 5, 7, 7, 5, 7, 7, 5, 5, 5, 5, 7, 9, 5, 6, 6, 7, 6, 5, 5, 7, 7, 7, 7, 6, 7, 6, 6, 6, 7, 9, 7, 5, 5, 5, 5, 5, 7, 7, 7, 7, 7, 9, 8, 7, 5, 6, 5, 8, 7, 5, 7, 5, 6, 6, 9, 6, 6, 8, 7, 7, 5, 7, 7, 7, 7, 6, 7, 7, 6, 7, 7, 7, 5, 7, 7, 7, 7, 7, 7, 8, 8, 7, 7, 8, 7, 7, 7, 6, 7, 6, 7, 7, 7, 7, 7, 8, 7, 7, 7, 7, 7, 5, 6, 7, 7, 7, 7, 7, 7, 7, 7, 7, 6, 7, 7, 8, 8, 7, 7, 5, 7, 6, 7, 7, 7, 5, 5, 7, 7, 7, 7, 7, 7]
SST: 45011.999999999985
SSE: 385.34555152583016
I_loss: 0.8560951557936335


GRAPH, k= 6 .
Returned group's length:  [6, 6, 6, 6, 6, 6, 10, 6, 7, 6, 6, 6, 6, 10, 6, 6, 6, 9, 6, 6, 6, 6, 9, 9, 6, 6, 6, 6, 6, 6, 6, 6, 9, 8, 6, 9, 6, 11, 9, 6, 6, 6, 6, 7, 9, 9, 6, 6, 6, 6, 6, 6, 6, 6, 6, 7, 6, 6, 6, 6, 6, 6, 6, 6, 6, 6, 6, 7, 6, 6, 6, 6, 6, 6, 7, 6, 6, 6, 6, 6, 6, 6, 6, 6, 6, 6, 6, 6, 6, 6, 6, 6, 10, 6, 6, 6, 6, 6, 6, 6, 6, 6, 6, 6, 6, 8, 6, 6, 6, 6, 6, 11, 6, 6, 6, 6, 7, 8, 6, 6, 6, 6, 6, 6, 6, 6, 6, 6, 6, 6, 6, 6, 6, 6, 6, 6, 6, 6, 6, 9, 6, 9, 6, 6, 6, 6, 6, 6, 6, 6, 6, 6, 6, 6, 6, 6, 6, 6, 11, 6, 6, 6, 6, 6, 6, 6, 6, 6, 6, 6, 6, 11, 6, 6, 7, 6, 6, 6, 9, 6, 6, 6, 9, 6, 6, 6, 9, 10, 8, 6, 8, 10, 6, 6, 6, 6, 6, 6, 6, 9, 6, 6, 6, 6, 6, 6, 6, 6, 6, 9, 6, 6, 10, 6, 6, 8, 6, 10, 6, 6, 6, 6, 10, 6, 6, 6, 6, 6, 6, 7, 7, 6, 6, 6, 6, 11, 6, 6, 7, 6, 8, 6, 6, 6, 6, 6, 6, 6, 6, 6, 6, 6, 7, 6, 11, 6, 11, 6, 6, 6, 6, 6, 6, 6, 6, 9, 6, 6, 6, 6, 6, 6, 6, 6, 6, 6, 6, 6, 6, 6, 6, 8, 6, 8, 6, 6, 7, 6, 6, 6, 6, 6, 6, 6, 6, 6, 6, 6, 6, 6, 6, 9, 6, 6, 6, 6, 6, 7, 6, 6, 6, 6, 6, 11, 6, 6, 6, 6, 6, 6, 6, 6, 6, 6, 9, 7, 9, 6, 6, 6, 6, 6, 6, 6, 6, 11, 9, 6, 6, 6, 6, 6, 6, 6, 8, 6, 6, 6, 6, 6, 6, 6, 11, 6, 7, 6, 6, 8, 6, 6, 10, 6, 6, 6, 6, 6, 6, 6, 6, 6, 6, 6, 6, 6, 9, 10, 6, 7, 6, 6, 6, 7, 6, 6, 6, 6, 6, 6, 6, 7, 9, 6, 6, 11, 6, 6, 7, 6, 7, 6, 6, 9, 8, 6, 6, 8, 6, 6, 6, 6, 6, 9, 6, 8, 7, 6, 6, 6, 6, 11, 6, 6, 6, 6, 6, 6, 6, 6, 10, 6, 6, 6, 6, 6, 6, 6, 6, 6, 6, 6, 6, 6, 7, 6, 7, 6, 6, 7, 6, 7, 6, 6, 7, 7, 6, 6, 6, 6, 6, 6, 6, 6, 6, 6, 6, 6, 7, 8, 7, 6, 6, 6, 6, 6, 6, 6, 6, 6, 8, 6, 6, 6, 7, 6, 6, 6, 6, 6, 6, 6, 6, 6, 8, 6, 7, 6, 6, 6, 6, 7, 6, 6, 6, 6, 6, 6, 7, 6, 7, 6, 6, 6, 6, 6, 6, 6, 6, 6, 6, 6, 6, 6, 8, 6, 6, 6, 6, 6, 6, 6, 6, 6, 8, 6, 6, 6, 6, 7, 6, 6, 6, 6, 6, 6, 6, 6, 7, 6, 6, 6, 6, 6, 6, 6, 8, 6, 6, 6, 6, 6, 6, 6, 6, 6, 6, 6, 9, 6, 6, 6, 6, 6, 6, 6, 6, 6, 6, 6, 8, 6, 6, 8, 6, 8, 7, 8, 7, 6, 6, 6, 6, 6, 6, 6, 8, 6, 6, 7, 6, 6, 6, 9, 6, 6, 8, 6, 8, 6, 6, 6, 6, 6, 6, 6, 6, 6, 6, 6, 6, 7, 6, 7, 6, 10, 6, 6, 6, 6, 6, 6, 6, 6, 6, 6, 6, 6, 8, 7, 6, 6, 6, 6, 6, 6, 9]
SST: 45011.999999999985
SSE: 430.36647881808074
I_loss: 0.9561149889320201


*** WORKING ON: ../Datasets/Census.csv
GRAPH, k= 3 .
Returned group's length:  [3, 4, 5, 4, 4, 4, 4, 5, 4, 3, 4, 3, 3, 3, 3, 3, 4, 4, 4, 5, 4, 3, 4, 3, 4, 3, 4, 3, 5, 3, 4, 3, 5, 3, 3, 4, 4, 3, 3, 3, 3, 3, 4, 5, 4, 4, 4, 3, 5, 3, 5, 3, 3, 4, 5, 3, 3, 3, 3, 3, 5, 5, 4, 4, 3, 3, 3, 3, 4, 3, 3, 3, 5, 4, 5, 3, 3, 4, 4, 4, 3, 3, 3, 3, 5, 5, 3, 3, 3, 3, 3, 3, 3, 5, 5, 3, 4, 3, 4, 3, 3, 3, 4, 4, 3, 3, 5, 4, 3, 4, 3, 5, 3, 3, 5, 3, 3, 4, 3, 4, 5, 4, 3, 4, 4, 5, 5, 5, 5, 4, 3, 3, 3, 4, 5, 5, 3, 3, 3, 3, 3, 4, 5, 5, 4, 4, 5, 5, 4, 5, 3, 3, 3, 3, 4, 3, 3, 3, 3, 3, 4, 3, 4, 4, 3, 3, 4, 4, 3, 4, 3, 3, 3, 5, 3, 3, 3, 3, 3, 4, 3, 4, 4, 5, 5, 3, 3, 3, 4, 3, 3, 5, 3, 3, 4, 4, 4, 3, 3, 4, 3, 3, 4, 3, 4, 4, 3, 4, 3, 4, 3, 3, 3, 3, 5, 4, 3, 3, 3, 4, 3, 4, 3, 3, 5, 3, 3, 4, 3, 4, 4, 3, 3, 4, 4, 5, 3, 5, 3, 4, 3, 4, 3, 4, 3, 5, 5, 3, 4, 4, 3, 3, 4, 3, 3, 3, 3, 3, 4, 3, 3, 3, 5, 3, 3, 3, 3, 3, 3, 5, 4, 5, 3, 4, 3, 4, 4, 3, 5, 5, 4, 4, 3, 3, 4, 3, 5, 5, 3, 3, 3, 3, 4, 4, 4, 5, 4, 4, 4, 5, 3, 5]
SST: 14040.0
SSE: 871.9676499654122
I_loss: 6.210595797474445


GRAPH, k= 4 .
Returned group's length:  [5, 4, 4, 6, 7, 7, 4, 4, 7, 4, 4, 4, 7, 4, 4, 4, 6, 4, 4, 6, 4, 4, 4, 5, 7, 7, 5, 6, 5, 6, 4, 4, 4, 5, 4, 4, 6, 5, 4, 7, 7, 4, 5, 5, 4, 7, 5, 4, 5, 4, 5, 4, 5, 5, 7, 7, 6, 6, 4, 4, 4, 4, 6, 6, 5, 4, 6, 4, 5, 4, 4, 5, 5, 4, 6, 6, 7, 4, 7, 7, 4, 6, 4, 4, 6, 7, 4, 4, 4, 5, 4, 5, 6, 7, 6, 4, 6, 4, 5, 4, 4, 5, 4, 4, 5, 7, 6, 4, 5, 5, 4, 4, 6, 4, 4, 4, 4, 6, 6, 4, 7, 7, 4, 4, 7, 4, 6, 6, 7, 5, 4, 7, 4, 4, 4, 4, 4, 4, 5, 4, 6, 4, 5, 7, 7, 6, 4, 5, 6, 6, 4, 7, 4, 7, 5, 5, 4, 6, 4, 7, 4, 4, 5, 5, 4, 4, 4, 6, 5, 6, 5, 4, 4, 5, 5, 4, 5, 4, 4, 6, 6, 5, 6, 4, 5, 4, 4, 7, 4, 6, 6, 7, 6, 4, 6, 6, 4, 7, 4, 7, 6, 4, 7, 6, 7, 6, 5, 4, 7, 6, 4, 7, 5, 6, 7, 6, 5, 6, 4, 4, 7]
SST: 14040.0
SSE: 1158.1343766610732
I_loss: 8.248820346588841


GRAPH, k= 5 .
Returned group's length:  [5, 5, 5, 5, 6, 5, 7, 9, 5, 6, 7, 5, 5, 7, 7, 6, 9, 5, 5, 5, 5, 7, 5, 6, 5, 5, 5, 6, 8, 5, 5, 9, 7, 5, 5, 5, 5, 6, 5, 5, 6, 6, 7, 6, 6, 5, 5, 5, 8, 9, 5, 7, 8, 5, 7, 5, 5, 6, 7, 5, 5, 5, 6, 5, 5, 6, 8, 5, 9, 7, 6, 6, 8, 5, 8, 6, 7, 8, 6, 6, 7, 6, 5, 5, 5, 5, 7, 8, 5, 7, 5, 6, 5, 5, 5, 9, 5, 7, 7, 5, 5, 6, 6, 6, 7, 2, 9, 5, 5, 6, 7, 9, 5, 5, 5, 6, 5, 5, 6, 5, 8, 8, 7, 5, 9, 9, 9, 6, 9, 6, 5, 9, 8, 6, 7, 5, 8, 6, 8, 7, 9, 5, 8, 9, 5, 8, 8, 7, 5, 5, 8, 5, 5, 8, 7, 5, 5, 8, 7, 9, 7, 7, 5, 8, 8, 5, 8, 7, 8, 9, 7, 9, 5, 8, 5, 9, 5, 5, 5, 5, 9, 5, 7, 9, 9, 8, 5, 5, 7]
SST: 14040.0
SSE: 1426.9679762754672
I_loss: 10.16358957461159


GRAPH, k= 6 .
Returned group's length:  [10, 11, 6, 8, 6, 7, 6, 11, 7, 9, 6, 6, 6, 6, 6, 7, 6, 9, 10, 10, 6, 7, 6, 6, 10, 6, 6, 9, 6, 10, 11, 6, 6, 6, 6, 10, 6, 8, 9, 8, 7, 8, 6, 7, 9, 6, 6, 6, 6, 9, 6, 6, 11, 6, 6, 9, 6, 6, 8, 8, 8, 7, 6, 9, 11, 6, 6, 6, 6, 10, 9, 6, 6, 10, 6, 11, 6, 9, 10, 7, 7, 6, 10, 6, 6, 7, 11, 6, 10, 6, 7, 7, 9, 11, 6, 10, 11, 8, 8, 7, 9, 9, 9, 6, 8, 6, 11, 6, 8, 9, 6, 6, 10, 6, 9, 8, 6, 6, 9, 8, 10, 8, 6, 6, 9, 6, 10, 11, 9, 6, 9, 11, 6, 6, 6, 6, 9, 10, 6, 6, 9, 6, 11, 10, 10, 10, 9, 6, 6, 11, 6, 7, 6, 6, 8, 6, 6, 6, 6, 10]
SST: 14040.0
SSE: 1607.979465925188
I_loss: 11.45284519889735


*** WORKING ON: ../Datasets/tarragona.csv
GRAPH, k= 3 .
Returned group's length:  [4, 3, 3, 3, 3, 3, 3, 5, 3, 4, 4, 3, 3, 5, 3, 3, 3, 3, 5, 4, 3, 3, 3, 3, 4, 3, 4, 3, 3, 3, 3, 3, 3, 3, 4, 3, 3, 4, 4, 3, 3, 5, 3, 5, 5, 4, 3, 3, 5, 3, 3, 3, 5, 3, 4, 3, 3, 3, 3, 3, 4, 3, 4, 3, 5, 3, 3, 3, 3, 3, 4, 5, 3, 3, 4, 4, 4, 3, 3, 5, 3, 4, 5, 4, 3, 3, 3, 4, 5, 3, 4, 3, 3, 3, 4, 4, 3, 3, 3, 5, 3, 5, 4, 5, 4, 4, 3, 3, 3, 3, 3, 4, 3, 4, 3, 3, 5, 3, 3, 5, 3, 4, 4, 3, 5, 5, 3, 4, 4, 5, 4, 3, 5, 3, 3, 5, 4, 5, 5, 3, 4, 4, 5, 4, 3, 3, 3, 3, 3, 4, 5, 3, 3, 5, 4, 3, 3, 3, 3, 4, 5, 3, 3, 4, 4, 3, 4, 3, 3, 4, 4, 3, 3, 5, 3, 3, 4, 3, 5, 3, 4, 4, 3, 5, 5, 3, 4, 4, 5, 3, 3, 4, 5, 3, 5, 3, 3, 3, 4, 4, 3, 4, 3, 3, 4, 3, 4, 5, 4, 5, 4, 4, 3, 3, 4, 5, 5, 3, 3, 3, 3, 3, 4, 4, 5, 3, 4, 4, 4, 4, 3, 3, 3, 3, 3, 3, 3, 3, 3, 3, 3, 5, 4, 3, 3, 5]
SST: 10842.0
SSE: 1905.9632340868193
I_loss: 17.579443221608738


GRAPH, k= 4 .
Returned group's length:  [4, 4, 5, 4, 4, 4, 4, 4, 5, 4, 4, 6, 7, 4, 6, 6, 4, 6, 4, 4, 4, 7, 5, 4, 4, 5, 7, 4, 4, 7, 5, 4, 4, 4, 4, 4, 4, 4, 6, 5, 6, 6, 5, 5, 4, 6, 5, 4, 6, 4, 7, 7, 4, 6, 6, 4, 7, 6, 4, 6, 4, 4, 4, 4, 7, 6, 4, 4, 5, 7, 7, 7, 6, 6, 6, 7, 4, 4, 7, 7, 4, 4, 4, 4, 4, 5, 4, 4, 4, 6, 5, 4, 4, 4, 4, 4, 4, 4, 7, 7, 4, 7, 5, 4, 7, 5, 5, 5, 5, 4, 4, 7, 7, 4, 7, 4, 7, 6, 4, 4, 4, 6, 7, 4, 4, 4, 4, 7, 4, 5, 4, 4, 5, 4, 4, 5, 4, 4, 4, 4, 4, 4, 4, 4, 5, 7, 5, 4, 7, 5, 4, 4, 4, 7, 5, 4, 5, 7, 4, 4, 4, 4, 4, 4, 4, 4, 4, 4, 4, 4, 4, 4, 6, 4, 4, 4, 4, 4, 7, 6, 4, 5, 6, 4, 5, 4, 4, 4, 5, 4, 4, 4, 4, 4, 4, 4, 4, 4, 7, 4, 7, 6, 4, 7]
SST: 10842.0
SSE: 2295.220983195835
I_loss: 21.169719453936864


GRAPH, k= 5 .
Returned group's length:  [7, 9, 5, 5, 6, 7, 8, 5, 6, 5, 5, 5, 5, 9, 9, 7, 8, 8, 5, 6, 6, 5, 7, 6, 5, 5, 8, 6, 6, 9, 5, 7, 6, 6, 5, 5, 6, 5, 6, 5, 5, 9, 5, 7, 6, 9, 7, 7, 5, 8, 5, 6, 5, 5, 5, 5, 5, 8, 5, 5, 5, 5, 5, 8, 7, 5, 5, 5, 7, 9, 5, 5, 7, 7, 5, 5, 9, 5, 5, 5, 5, 5, 8, 9, 5, 8, 8, 5, 5, 5, 5, 5, 5, 9, 5, 7, 8, 5, 5, 5, 5, 5, 9, 5, 5, 9, 5, 7, 9, 5, 9, 8, 5, 7, 5, 7, 5, 5, 5, 5, 9, 6, 6, 5, 7, 5, 5, 9, 5, 8, 5, 5, 5, 5, 9, 5, 9, 5, 5, 5, 5, 5, 5, 7, 7, 5, 5, 5, 5, 5, 5, 5, 5, 5, 5, 5, 5, 5, 5, 8, 5, 5, 5, 5, 9, 5, 5, 9, 5, 5, 5, 5, 5, 5, 7, 5, 5, 5]
SST: 10842.0
SSE: 2696.2253742939274
I_loss: 24.86833955260955


GRAPH, k= 6 .
Returned group's length:  [7, 9, 6, 6, 11, 6, 6, 6, 10, 6, 6, 9, 8, 8, 10, 6, 6, 7, 11, 10, 6, 6, 7, 6, 6, 9, 6, 6, 6, 6, 6, 9, 6, 7, 7, 7, 11, 6, 11, 10, 6, 8, 6, 6, 6, 6, 6, 7, 6, 6, 6, 9, 7, 9, 9, 10, 6, 6, 10, 9, 8, 6, 9, 10, 10, 6, 9, 6, 6, 6, 9, 10, 6, 6, 6, 6, 6, 6, 11, 10, 10, 6, 6, 10, 9, 11, 6, 10, 6, 6, 6, 11, 10, 9, 6, 6, 6, 6, 6, 11, 6, 6, 6, 9, 6, 6, 6, 6, 6, 6, 6, 10, 9, 6, 6, 6, 6, 9, 6, 6, 6, 6, 6, 6, 6, 6, 6, 6, 10, 6, 11, 6, 6, 6, 9, 6, 6, 6, 6, 6, 6, 6, 10, 7, 6, 6, 6, 6, 6, 6, 6, 9, 6, 6, 6, 10]
SST: 10842.0
SSE: 2301.34772813388
I_loss: 21.226228815106808



Process finished with exit code 0
