/home/alpar/miniconda3/envs/my_dissertation_env/bin/python /mnt/hdd/Disszertacio/Code/MM/MM/FixedGroupSizeMM/calculate_inf_loss.py 
*** WORKING ON: ../Datasets/barcelona.csv
V-Kmean, k= 3 .
Groups have the following sizes:  [13, 12, 27, 35, 26, 37, 30, 17, 14, 15, 34, 32, 10, 24, 26, 16, 26, 33, 33, 6, 5, 5, 40, 25, 25, 5, 10, 29, 41, 7, 7, 12, 17, 5, 4, 6, 8, 13, 5, 12, 6, 7, 12, 11, 3, 12, 7, 6, 8, 4, 32, 3, 4, 22, 32, 4, 5, 12, 13, 3, 3, 5, 3, 5]
SST: 58140.0
SSE: 2145.8060188329387
I_loss: 3.6907568263380437


V-Kmean, k= 4 .
Groups have the following sizes:  [13, 12, 27, 36, 26, 37, 30, 17, 14, 15, 34, 31, 10, 24, 26, 16, 26, 33, 33, 6, 5, 5, 40, 25, 40, 5, 10, 29, 41, 7, 10, 12, 19, 5, 4, 4, 8, 13, 5, 12, 6, 7, 12, 11, 18, 12, 7, 9, 4, 32, 4, 22, 32, 5, 4, 13, 6]
SST: 58140.0
SSE: 2539.742506594944
I_loss: 4.368322164765986


V-Kmean, k= 5 .
Groups have the following sizes:  [13, 12, 27, 42, 26, 37, 30, 17, 14, 15, 34, 31, 10, 24, 28, 16, 26, 33, 33, 6, 5, 9, 40, 25, 40, 9, 27, 29, 41, 8, 10, 12, 17, 5, 9, 8, 13, 16, 6, 7, 12, 11, 16, 12, 7, 9, 32, 22, 32, 6]
SST: 58140.0
SSE: 2951.588529168538
I_loss: 5.0766916566366325


V-Kmean, k= 6 .
Groups have the following sizes:  [13, 12, 27, 42, 26, 37, 30, 22, 14, 15, 34, 32, 10, 24, 28, 16, 26, 33, 33, 27, 24, 9, 40, 25, 40, 9, 27, 29, 41, 8, 10, 12, 17, 9, 8, 13, 6, 7, 11, 16, 12, 9, 32, 22, 32]
SST: 58140.0
SSE: 3483.477214639174
I_loss: 5.991532876916363


*** WORKING ON: ../Datasets/madrid.csv
V-Kmean, k= 3 .
Groups have the following sizes:  [30, 7, 8, 50, 62, 31, 21, 56, 28, 7, 51, 10, 79, 5, 16, 18, 7, 27, 27, 6, 10, 11, 3, 27, 17, 10, 19, 5, 6, 3, 27, 7, 34, 8, 4, 11, 7, 10, 5, 12, 14, 7, 11, 4, 5, 8, 3, 4, 8, 6, 4, 4, 3, 4, 5, 5, 3, 6, 4, 3, 12, 9, 16, 3, 3, 8, 6, 4, 5]
SST: 57540.0
SSE: 3321.4043099209384
I_loss: 5.772339780884495


V-Kmean, k= 4 .
Groups have the following sizes:  [30, 10, 8, 53, 78, 31, 21, 56, 28, 7, 51, 52, 82, 12, 16, 18, 7, 27, 27, 10, 12, 11, 27, 17, 9, 19, 5, 6, 7, 34, 8, 10, 11, 7, 11, 4, 5, 12, 14, 7, 11, 4, 5, 8, 4, 16, 6, 4, 4, 5, 5, 5, 10, 12]
SST: 57540.0
SSE: 4208.882714649014
I_loss: 7.314707533279482


V-Kmean, k= 5 .
Groups have the following sizes:  [30, 14, 8, 59, 80, 31, 21, 56, 28, 7, 51, 52, 82, 12, 16, 18, 7, 27, 25, 10, 12, 15, 27, 17, 13, 19, 9, 10, 7, 34, 8, 10, 11, 7, 10, 5, 12, 14, 7, 11, 5, 12, 16, 6, 6, 10, 12]
SST: 57540.0
SSE: 4666.30460325422
I_loss: 8.109670843333715


V-Kmean, k= 6 .
Groups have the following sizes:  [30, 14, 8, 59, 78, 31, 21, 86, 28, 7, 51, 52, 82, 12, 16, 18, 7, 27, 27, 15, 12, 15, 27, 17, 13, 19, 9, 10, 7, 39, 8, 7, 11, 7, 11, 12, 14, 7, 11, 12, 16, 6]
SST: 57540.0
SSE: 5073.640559866097
I_loss: 8.817588738036317


*** WORKING ON: ../Datasets/tarraco.csv
V-Kmean, k= 3 .
Groups have the following sizes:  [11, 7, 11, 18, 8, 17, 24, 10, 14, 6, 11, 26, 14, 9, 29, 8, 19, 9, 16, 5, 26, 25, 5, 11, 33, 9, 33, 16, 21, 7, 5, 13, 10, 17, 13, 6, 7, 13, 4, 33, 11, 16, 4, 8, 20, 15, 3, 14, 6, 4, 3, 12, 16, 10, 4, 16, 14, 4, 7, 4, 3, 30, 3, 10, 3, 3, 3, 17, 9, 11, 16, 3, 11, 7, 33]
SST: 55920.00000000001
SSE: 1364.94002795793
I_loss: 2.440879878322478


V-Kmean, k= 4 .
Groups have the following sizes:  [11, 4, 7, 18, 8, 17, 24, 13, 9, 7, 11, 5, 7, 9, 29, 8, 9, 9, 16, 37, 26, 17, 4, 14, 8, 9, 33, 16, 21, 9, 5, 13, 10, 17, 5, 7, 10, 10, 7, 33, 11, 19, 4, 8, 20, 15, 19, 14, 6, 4, 6, 12, 10, 4, 14, 6, 7, 30, 10, 17, 9, 11, 16, 11, 6, 7, 5, 13, 5, 12, 8, 21, 6, 8, 10, 5, 4, 7]
SST: 55920.00000000001
SSE: 1495.9333881408545
I_loss: 2.6751312377340026


V-Kmean, k= 5 .
Groups have the following sizes:  [11, 10, 11, 21, 8, 17, 24, 13, 9, 7, 11, 5, 14, 9, 29, 8, 9, 9, 16, 37, 26, 17, 8, 13, 33, 16, 21, 5, 13, 10, 17, 5, 6, 7, 10, 18, 5, 9, 7, 33, 11, 19, 8, 20, 15, 19, 14, 6, 6, 12, 10, 16, 14, 7, 30, 10, 17, 9, 11, 16, 11, 6, 7, 5, 13, 5, 8, 21, 6, 8, 10, 5]
SST: 55920.00000000001
SSE: 1638.4405111606325
I_loss: 2.9299723017893995


V-Kmean, k= 6 .
Groups have the following sizes:  [11, 10, 11, 10, 8, 17, 24, 13, 14, 7, 11, 26, 7, 9, 29, 8, 9, 9, 16, 37, 26, 17, 13, 13, 33, 16, 14, 14, 13, 10, 17, 13, 15, 10, 15, 14, 9, 7, 8, 11, 19, 8, 13, 6, 19, 14, 6, 6, 12, 10, 16, 14, 7, 30, 10, 7, 11, 16, 11, 6, 7, 13, 8, 6, 10, 7, 7, 8, 12, 13, 9, 7, 10]
SST: 55920.00000000001
SSE: 1691.3305330201924
I_loss: 3.0245538859445498


*** WORKING ON: ../Datasets/EIA.csv
V-Kmean, k= 3 .
Groups have the following sizes:  [54, 7, 23, 7, 4, 370, 7, 19, 15, 5, 5, 6, 9, 3, 36, 11, 3, 44, 47, 94, 5, 3, 5, 5, 6, 5, 3, 13, 8, 11, 4, 65, 8, 41, 12, 41, 8, 33, 53, 4, 17, 19, 9, 7, 20, 17, 24, 6, 6, 9, 8, 35, 12, 24, 40, 12, 17, 7, 63, 5, 30, 46, 5, 11, 7, 17, 9, 23, 11, 275, 7, 9, 249, 3, 226, 9, 35, 12, 5, 5, 9, 4, 13, 13, 4, 13, 12, 12, 4, 19, 6, 40, 19, 9, 7, 7, 12, 8, 6, 37, 50, 4, 35, 6, 37, 11, 7, 18, 188, 9, 18, 15, 7, 16, 4, 12, 24, 12, 12, 14, 4, 43, 26, 30, 12, 71, 8, 3, 7, 38, 12, 80, 156, 247, 3, 12, 5, 16, 19, 12, 5, 65, 12]
SST: 45011.999999999985
SSE: 704.3582937500852
I_loss: 1.5648233665468883


V-Kmean, k= 4 .
Groups have the following sizes:  [54, 7, 23, 7, 4, 370, 7, 19, 15, 5, 5, 6, 9, 12, 36, 11, 19, 44, 47, 94, 5, 8, 5, 7, 6, 5, 11, 14, 8, 11, 4, 65, 8, 41, 12, 41, 13, 33, 53, 4, 17, 19, 9, 7, 20, 20, 24, 6, 6, 9, 11, 35, 12, 24, 40, 12, 17, 7, 63, 30, 46, 5, 11, 7, 17, 9, 23, 11, 275, 7, 9, 249, 226, 9, 35, 12, 5, 4, 13, 9, 5, 13, 4, 13, 12, 12, 19, 6, 40, 19, 12, 6, 37, 50, 4, 35, 6, 37, 11, 7, 18, 188, 9, 18, 15, 7, 14, 16, 4, 12, 24, 12, 14, 4, 43, 26, 30, 12, 71, 8, 7, 38, 12, 80, 156, 247, 12, 16, 19, 12, 5, 65, 12]
SST: 45011.999999999985
SSE: 848.3630564351101
I_loss: 1.8847486368859647


V-Kmean, k= 5 .
Groups have the following sizes:  [260, 12, 45, 7, 6, 370, 7, 41, 15, 5, 5, 6, 21, 12, 36, 60, 12, 119, 47, 250, 5, 8, 9, 11, 7, 11, 28, 12, 11, 65, 12, 41, 12, 41, 13, 76, 53, 47, 19, 9, 7, 20, 20, 24, 6, 6, 21, 11, 61, 21, 24, 105, 56, 17, 16, 310, 30, 46, 5, 23, 23, 11, 275, 7, 32, 320, 306, 9, 35, 16, 17, 11, 9, 5, 11, 13, 10, 5, 13, 13, 12, 12, 19, 6, 40, 19, 13, 6, 37, 66, 11, 35, 20]
SST: 45011.999999999985
SSE: 1315.9060959570372
I_loss: 2.9234561804786225


V-Kmean, k= 6 .
Groups have the following sizes:  [260, 24, 45, 12, 6, 370, 12, 41, 21, 10, 6, 40, 12, 36, 60, 12, 119, 47, 250, 22, 8, 9, 11, 7, 11, 25, 8, 11, 102, 12, 41, 12, 41, 13, 76, 88, 47, 19, 13, 29, 38, 20, 36, 6, 6, 41, 11, 61, 21, 24, 105, 56, 57, 29, 310, 30, 112, 23, 23, 11, 275, 7, 32, 320, 306, 9, 35, 16, 17, 11, 9, 11, 13, 10, 13]
SST: 45011.999999999985
SSE: 1527.683807818921
I_loss: 3.393947853503336


*** WORKING ON: ../Datasets/Census.csv
V-Kmean, k= 3 .
Groups have the following sizes:  [8, 4, 6, 11, 7, 23, 13, 4, 65, 15, 7, 5, 7, 3, 10, 5, 9, 6, 9, 30, 17, 22, 28, 14, 5, 3, 7, 18, 23, 12, 3, 5, 17, 3, 28, 7, 4, 13, 8, 8, 21, 5, 12, 8, 7, 10, 25, 10, 6, 23, 10, 5, 19, 9, 3, 5, 21, 5, 12, 11, 3, 15, 9, 14, 5, 7, 11, 3, 14, 7, 20, 11, 15, 16, 27, 3, 9, 14, 5, 7, 9, 6, 6, 5, 9, 11, 11, 19, 4, 9, 7, 3, 8, 11, 7, 4, 17]
SST: 14040.0
SSE: 1895.0823721783947
I_loss: 13.49773769357831


V-Kmean, k= 4 .
Groups have the following sizes:  [25, 4, 17, 22, 7, 23, 13, 21, 65, 15, 44, 5, 12, 6, 10, 9, 49, 9, 30, 17, 22, 28, 21, 5, 5, 8, 21, 18, 23, 26, 30, 17, 36, 20, 28, 7, 4, 22, 8, 26, 8, 12, 16, 11, 16, 34, 10, 6, 23, 10, 20, 28, 9, 14, 5, 21, 25, 12, 22]
SST: 14040.0
SSE: 2319.2699708245605
I_loss: 16.519016886214818


V-Kmean, k= 5 .
Groups have the following sizes:  [25, 14, 6, 11, 7, 23, 13, 21, 65, 15, 14, 5, 26, 5, 10, 9, 6, 9, 30, 17, 22, 28, 16, 5, 5, 8, 21, 18, 23, 12, 30, 17, 36, 20, 28, 8, 8, 8, 21, 8, 12, 16, 11, 16, 34, 10, 23, 10, 20, 19, 9, 5, 21, 5, 12, 22, 15, 9, 14, 5, 11, 20, 11, 15, 16, 27, 14, 5]
SST: 14040.0
SSE: 2263.4736414915487
I_loss: 16.121607133130688


V-Kmean, k= 6 .
Groups have the following sizes:  [25, 12, 17, 22, 12, 23, 13, 21, 65, 27, 44, 28, 28, 19, 10, 9, 49, 9, 55, 17, 50, 28, 21, 28, 21, 40, 26, 30, 17, 41, 23, 28, 8, 22, 8, 26, 17, 16, 11, 16, 55, 10, 23, 10]
SST: 14040.0
SSE: 2626.6806402976654
I_loss: 18.70855156907169


*** WORKING ON: ../Datasets/tarragona.csv
V-Kmean, k= 3 .
Groups have the following sizes:  [297, 4, 6, 20, 3, 5, 21, 4, 5, 3, 8, 5, 93, 5, 18, 6, 5, 8, 157, 4, 34, 3, 15, 9, 17, 23, 12, 44]
SST: 10842.0
SSE: 3030.9323785732404
I_loss: 27.95547296230622


V-Kmean, k= 4 .
Groups have the following sizes:  [30, 19, 6, 20, 77, 93, 26, 48, 10, 12, 57, 102, 16, 5, 14, 10, 4, 37, 14, 42, 29, 34, 15, 30, 17, 28, 5, 5, 7, 13, 9]
SST: 10842.0
SSE: 3427.2538156475343
I_loss: 31.610900347237912


V-Kmean, k= 5 .
Groups have the following sizes:  [30, 18, 6, 20, 77, 93, 26, 48, 10, 12, 57, 102, 20, 5, 14, 10, 37, 14, 42, 29, 34, 16, 30, 17, 28, 9, 7, 8, 9, 6]
SST: 10842.0
SSE: 3484.9766465509624
I_loss: 32.14330055848517


V-Kmean, k= 6 .
Groups have the following sizes:  [30, 19, 6, 20, 77, 93, 26, 48, 10, 12, 57, 102, 20, 19, 14, 10, 37, 42, 29, 34, 15, 30, 17, 10, 9, 7, 13, 10, 18]
SST: 10842.0
SSE: 3500.4440449170793
I_loss: 32.28596241391883



Process finished with exit code 0
